function TargetTable = TargetTable(x,y)

TargetTable = [ [ 0 , -72 ], [ 0 , -72 ], [ 0 , -72 ], [ 0 , -72 ], [ 0 , -72 ], [ 0 , -72 ], [ 0 , -72 ], [ 0 , -72 ], [ 0 , -72 ],[ 0 , -72 ],
                [ 70 , 0 ], [ 70, 0 ], [ 70 , 0 ], [ 70, 0 ], [ 70 , 0 ], [ 70, 0 ], [ 70 , 0 ], [ 70, 0 ], [ 70 , 0 ], [ 70, 0 ],
                [ 70 , 0 ], [ 70, 0 ], [ 70 , 0 ], [ 70, 0 ], [ 70 , 0 ], [ 70, 0 ], [ 70 , 0 ], [ 70, 0 ], [ 70 , 0 ], [ 70, 0 ],
                [ 70 , 0 ], [ 70, 0 ], [ 70 , 0 ], [ 70, 0 ], [ 70 , 0 ], [ 70, 0 ], [ 70 , 0 ], [ 70, 0 ], [ 70 , 0 ], [ 70, 0 ],
                [ 70 , 0 ], [ 70, 0 ], [ 70 , 0 ], [ 70, 0 ], [ 70 , 0 ], [ 70, 0 ], [ 70 , 0 ], [ 70, 0 ], [ 70 , 0 ], [ 70, 0 ],
                [ 70 , 0 ], [ 70, 0 ], [ 70 , 0 ], [ 70, 0 ], [ 70 , 0 ], [ 70, 0 ], [ 70 , 0 ], [ 70, 0 ], [ 70 , 0 ], [ 70, 0 ],
                [ 26 , 46 ], [ 26 , 46 ], [ 26 , 46 ], [ 26 , 46 ], [ 26 , 46 ], [ 26 , 46 ], [ 26 , 46 ], [ 26 , 46 ], [ 26 , 46 ],[ 26 , 46 ],
                [ 26 , 46 ], [ 26 , 46 ], [ 26 , 46 ], [ 26 , 46 ], [ 26 , 46 ], [ 26 , 46 ], [ 26 , 46 ], [ 26 , 46 ], [ 26 , 46 ],[ 26 , 46 ],
                [ 26 , 46 ], [ 26 , 46 ], [ 26 , 46 ], [ 26 , 46 ], [ 26 , 46 ], [ 26 , 46 ], [ 26 , 46 ], [ 26 , 46 ], [ 26 , 46 ],[ 26 , 46 ],
                [ 26 , 46 ], [ 26 , 46 ], [ 26 , 46 ], [ 26 , 46 ], [ 26 , 46 ], [ 26 , 46 ], [ 26 , 46 ], [ 26 , 46 ], [ 26 , 46 ],[ 26 , 46 ],
                [ 26 , 46 ], [ 26 , 46 ], [ 26 , 46 ], [ 26 , 46 ], [ 26 , 46 ], [ 26 , 46 ], [ 26 , 46 ], [ 26 , 46 ], [ 26 , 46 ],[ 26 , 46 ],
                [ 26 , 46 ], [ 26 , 46 ], [ 26 , 46 ], [ 26 , 46 ], [ 26 , 46 ], [ 26 , 46 ], [ 26 , 46 ], [ 26 , 46 ], [ 26 , 46 ],[ 26 , 46 ],
                [ 26 , 46 ], [ 26 , 46 ], [ 26 , 46 ], [ 26 , 46 ], [ 26 , 46 ], [ 26 , 46 ], [ 26 , 46 ], [ 26 , 46 ], [ 26 , 46 ],[ 26 , 46 ],
                [ 0 , -72 ], [ 0 , -72 ], [ 0 , -72 ], [ 0 , -72 ], [ 0 , -72 ], [ 0 , -72 ], [ 0 , -72 ], [ 0 , -72 ], [ 0 , -72 ],[ 0 , -72 ],
                [ 0 , -72 ], [ 0 , -72 ], [ 0 , -72 ], [ 0 , -72 ], [ 0 , -72 ], [ 0 , -72 ], [ 0 , -72 ], [ 0 , -72 ], [ 0 , -72 ],[ 0 , -72 ],
                [ 0 , -72 ], [ 0 , -72 ], [ 0 , -72 ], [ 0 , -72 ], [ 0 , -72 ], [ 0 , -72 ], [ 0 , -72 ], [ 0 , -72 ], [ 0 , -72 ],[ 0 , -72 ],
                [ 0 , -72 ], [ 0 , -72 ], [ 0 , -72 ], [ 0 , -72 ], [ 0 , -72 ], [ 0 , -72 ], [ 0 , -72 ], [ 0 , -72 ], [ 0 , -72 ],[ 0 , -72 ]
            ]
end